47.54526325337523	21.641626802898497
47.54476094718488	21.643178648721694
47.54470618541627	21.643348335698583
47.54326822332892	21.64227638339124
47.54058079884754	21.640205866997075
47.54012258813059	21.639880462882232
47.538768631341355	21.63884129313025
47.5385143802728	21.638703457386125
47.537912559611634	21.6385333978802
47.53739865580347	21.638180985410088
47.537295465259895	21.638107597189567
47.53720065661968	21.637990250542543
47.5369236812798	21.63755215639365
47.53675548441907	21.637373901248885
47.53646565682737	21.636963933042377
47.535790820474716	21.635779663230025
47.533714157351426	21.63194354545944
47.53261091260487	21.629748231837485
47.53158086981433	21.627851686504147
47.531516049761684	21.627682744585336
47.53102300757966	21.62607546805014
47.530978117830564	21.62601828484278
47.53091739559734	21.626019216165375
47.53089057350659	21.626040077791515
47.53061136299248	21.626255958369136
47.53053387695254	21.626041940436703
47.53029154681321	21.625326125889856
47.53026081316756	21.625340468257825
47.53020251237309	21.625157929029122
47.529757898966025	21.625372692019628
47.52894429554666	21.625707409360427
47.52892008115918	21.625510155234714
47.52889754315237	21.62532538083178
47.528859358925956	21.625016367994615
47.52867998619407	21.62425454611155
47.52846466441001	21.6234498833891
47.52818526763138	21.62257667532362
47.52792654621437	21.62188917298367
47.52750074552374	21.620975545517553
47.52696225479906	21.61974079802053
47.52600485517095	21.617150044824555
47.525946740641	21.61700028815121
47.52607880218503	21.61684587486489
47.52793865340811	21.614674961894934
47.52786601024567	21.614609583048736
47.527782980992576	21.614455609799247
